P = [1 4 9 16 25]; % # of processors

M = [100 200 400 700 1000 1440];

T1 = [0.025216 0.068298 0.451276 2.835107 9.6458 31.267219]; %Time for 1 proc

T4 = [0.039023 0.059668 0.236811 1.188802 4.272903 11.654807]; %Time for 4 proc

T9 = []; %Time for 9 proc

T16 = [0.160717 0.181722 0.331891 1.094283 3.303849 10.365616]; %Time for 16 proc

T25 = [0.254296 0.276869 0.440532 1.269896 3.289923 9.788991]; %Time for 25 proc

T100 = [T1(1) T4(1) T16(1) T25(1)]; %Time for 100x100 matrix

T200 = [T1(2) T4(2) T16(2) T25(2)]; %Time for 200x200 matrix

T400 = [T1(3) T4(3) T16(3) T25(3)]; %Time for 400x400 matrix

T700 = [T1(4) T4(4) T16(4) T25(4)]; %Time for 700x700 matrix

T1000 = [T1(5) T4(5) T16(5) T25(5)]; %Time for 1000x1000 matrix

T1440 = [T1(6) T4(6) T16(6) T25(6)]; %Time for 1440x1440 matrix


